     int16 0,    804, 1608,   2411,  3212,  4011,  4808,   5602,    6393, 7180,   7962,  8740,  9512,  10279, 11039, 11793, 12540, 13279, 14010,    14733, 15447, 16151, 16846, 17531, 18205, 18868, 19520, 20160, 20788, 21403,    22006, 22595, 23170, 23732, 24279, 24812, 25330, 25833, 26320, 26791, 27246,    27684, 28106, 28511, 28899, 29269, 29622, 29957, 30274, 30572, 30853, 31114,    31357, 31581, 31786, 31972, 32138, 32286, 32413, 32522, 32610, 32679, 32729,    32758, 32767, 32758, 32729, 32679, 32610, 32522, 32413, 32286, 32138,    31972, 31786, 31581, 31357, 31114, 30853, 30572, 30274, 29957, 29622, 29269,    28899, 28511, 28106, 27684, 27246, 26791, 26320, 25833, 25330, 24812, 24279,    23732, 23170, 22595, 22006, 21403, 20788, 20160, 19520, 18868, 18205, 17531,    16846, 16151, 15447, 14733, 14010, 13279, 12540, 11793, 11039, 10279, 9512,    8740, 7962, 7180, 6393, 5602, 4808, 4011, 3212, 2411, 1608, 804, 0, -804,    -1608, -2411, -3212, -4011, -4808, -5602, -6393, -7180, -7962, -8740, -9512,    -10279, -11039, -11793, -12540, -13279, -14010, -14733, -15447, -16151,    -16846, -17531, -18205, -18868, -19520, -20160, -20788, -21403, -22006,    -22595, -23170, -23732, -24279, -24812, -25330, -25833, -26320, -26791,    -27246, -27684, -28106, -28511, -28899, -29269, -29622, -29957, -30274,    -30572, -30853, -31114, -31357, -31581, -31786, -31972, -32138, -32286,    -32413, -32522, -32610, -32679, -32729, -32758, -32767, -32758, -32729,    -32679, -32610, -32522, -32413, -32286, -32138, -31972, -31786, -31581,    -31357, -31114, -30853, -30572, -30274, -29957, -29622, -29269, -28899,    -28511, -28106, -27684, -27246, -26791, -26320, -25833, -25330, -24812,    -24279, -23732, -23170, -22595, -22006, -21403, -20788, -20160, -19520,    -18868, -18205, -17531, -16846, -16151, -15447, -14733, -14010, -13279,    -12540, -11793, -11039, -10279, -9512, -8740, -7962, -7180, -6393, -5602,    -4808, -4011, -3212, -2411, -1608, -804

      
ans =

  128×1 int32 column vector

      52690944
     158008904
     262868108
     367137480
     470554873
     572792602
     673654056
     772877087
     870265084
     965555898
    1058487383
    1148928462
    1236551453
    1321225280
    1402687796
    1480807926
    1555323522
    1626103511
    1693016818
    1755801296
    1814325870
    1868525002
    1918202083
    1963291574
    2003596866
    2039117957
    2069723773
    2095348778
    2115927434
    2131394205
    2141683554
    2146861017
    2146861055
    2141683673
    2131394402
    2115927709
    2095349130
    2069724202
    2039118461
    2003597445
    1963292226
    1918202806
    1868525795
    1814326730
    1755802222
    1693017808
    1626104562
    1555324631
    1480809090
    1402689014
    1321226548
    1236552768
    1148929821
    1058488782
     965557335
     870266554
     772878588
     673655583
     572794152
     470556442
     367139065
     262869704
     158010508
      52692552
     -52690944
    -157943368
    -262802572
    -367071944
    -470489337
    -572727066
    -673588520
    -772811551
    -870199548
    -965490362
   -1058421847
   -1148862926
   -1236485917
   -1321159744
   -1402622260
   -1480742390
   -1555257986
   -1626037975
   -1692951282
   -1755735760
   -1814260334
   -1868459466
   -1918136547
   -1963226038
   -2003531330
   -2039052421
   -2069658237
   -2095283242
   -2115861898
   -2131328669
   -2141618018
   -2146795481
   -2146795519
   -2141618137
   -2131328866
   -2115862173
   -2095283594
   -2069658666
   -2039052925
   -2003531909
   -1963226690
   -1918137270
   -1868460259
   -1814261194
   -1755736686
   -1692952272
   -1626039026
   -1555259095
   -1480743554
   -1402623478
   -1321161012
   -1236487232
   -1148864285
   -1058423246
    -965491799
    -870201018
    -772813052
    -673590047
    -572728616
    -470490906
    -367073529
    -262804168
    -157944972
     -52627016

>> 